x=10^(-50)
y=10^200
z=10^300
format long;
(x*y)/z,
%10^150/10^300=10^(-150)
x*(y/z),
%10^(-50)*10^(-100)=10^(-150)
(x/z)*y,
%10^(-350)*10^(300)=10^(-150)